01111001111111101110011101001111110000101101110111011110101111011000110111111101
00110011101011101010001001101110111000101100001000111111000101010001110111111001
10011111101110110010110101010111111001101111101011011011111100011101101111010111
01010001101000100011100111110101011110011111101100101001111011011111001111111111
10101111111101111011001011111111111001111011111111011001110001100011111110110101
10111110101011011111111111101111001111010111111101101101101100001010111111001001
10110100011011011101101100010010000111111101001101010100111111111110110101111111
01100011111110111101110111111100001100101100111011110011100111010111111111011101
01101101011110111110001101111110011111101100110011011011111110111000101001011111
11111110100110110101111111110001001100110111000000111111011111011101111110111001
11010011100110111010111111101011101101001011100111111001101101111111101111010011
01110011110111011110010111110111011011010111110100101111101101010101000101010011
00110000110101001011101101110011010100101001101110101111001011111011100111001011
10101100100101111011110011111111001101111111111110101111011111011110101010011111
11111111111011100101001111100011011010111100011110111110011110011111011110001011
11101111011101001011111001110110111111110110100110010011111101000000111111001101
10011101111110011011111001011010101001111111010001110101101110111111001111110111
11011101111101101110110100001001101011000000111011110101110000101111010110100111
11101110110111011110110001111100111011111100011011101011111000011101010110011101
11101110111010101111111100111011001110110101000101000111010111010100111110011101
00110011001111100011011101101100100100100100110100111010111011010011000010111011
11101101111110101111001111101110101111001010010111111101110101110101011111101011
01011110110111110011111011011111101110101011011011111101011101101101110111011101
00110101111011110001101110001111110101111111100010011101111110110111001110111011
11011010111111111010111101111100111010110111101101110110111101110010110111110111
11011111010111110101100000010100101111111101111101010100000111010100111101101111
11110011010011110111101110101100110010100111101010011001010100011111111011111001
11101011110101010101011111111101101111100100111110111111011111010011110111111101
11011101101011110101111011110111101110111011101100011011001001110100111111111111
01001110101001010111011010111100001011011110001110111110100111101011011011011101
11101111101111110001111100011111111011111010001111101100010100111110010101101111
11111100010010101110111111101111011101010111111000011111111101011100011111111101
01110011110100111111111101011110010110111110111111010100011000011010101010110101
10001011101101111100000010111000111101101111110000001110100111110001100111010101
11111001111101110111101011101111111110101000101111111011111101000111101100001111
00101001110010111101101111111110010111111110000100010101010110010111100101111101
01101111101011011111110110110111110111111100111000010111111101111000100101110111
11110110101011000100110100010110111011110110111111011101010100010011110011100111
00111011110111001101101110111111100011110111111001010111111011010011100011111111
01010100111101111000011111111111111111110101111110110011010111001100101110100001
10110000010110111111111011111111110111000110101110010100100100010000001010111001
11101001111111111000101111111011110001101111111111010001101011110101110010100111
11110110011011111111101110111101111111111111111111110111101111110101011101101001
10101000010111011100011110111111101101100000110111101011101011101100011001001011
10101111011010100101111110111101001100111111101111111011010101111101101111101011
00011001010111010111110101101100111111111111001001111110001111011110101001100111
11011001011011110111111001111111111001100111010111111111111111000101001111011001
11110011111110101111111110111100111011111110011011111111111110111100111011101111
11100010111110110001111111110101011011111011011000001011111111010011111001010011
11110111011111011110101110110001011001110111110101111011110111111010101111011101
11111111101100011001110001111110100101111010101111111010111001111011101111110111
00111011111111101101100010000011111111001110111100111110111111101111101100001001
10000110011011010111010011100011101101110101111010101111100001111101110111010101
00101101010111111001110101101011001111111110111111100111100010110011010111010011
00101000111101100100100101011111101111011111001110011110011111111100100011111011
11010110011011111111110111111000100101111111111111010111111001101101111100100101
01111101100101110011011010101110100111111011101110110100011111100010101100101111
01100101110111110111111110110011110110011101011111000000111001111111111111111011
11000001001110111101101111111111011101110100111001111111111110010111111010110111
11110101010110010001010011110110011001011111001001111111101111111010100011011011
10010111010010001100110101111011111111010100100110101101111100111111110100111011
11111100101111100101101101001101111101111111011111111111111111001100110110011111
11100111110101010111111111101110010111111111100111011001110101110110011111111001
01100101110011011011010001110011100000111110011010011111101011101011001110111011
00111000000011111110100001111100101010111100111101111100101000110110010111111111
00101110100111111111111000111111111001001101010001110010101100011111011000110111
10110100010111010101011111100111001101100111110010011101010111111010011101111111
00111111010011101111111101101001100111110111101111011100111011101110110011111111
01010100001100110110011111111011101111111110101101011011111001011011111011000001
01110101111110111101001011101111100111110110100111101101111100011111111111111011
11111101010101110111101101110101011101111000011111101101011100001011111010100101
10111001111100111111001010000011111100101111101111111011101110111010101011101111
01110111110111111100010011111010111010110101110101100111011111000110111101001111
11011110111111011111111011010111010101011100111010110110111011001000001011111011
00111111101111011100001010001110100111001001110110011011011000111110111111110111
00111111111110001111101111100001111111111011000011011111011110011110101100001001
10111101000110001110111110011101011010101111001011011101001101111111101111111011
01111101111111111000111101011110111010101101010111001011110011111011100111100111
00010111110100011100001100110111110110110111010001101010111101100111001011111011
00000100000001000000000000000000000000110000000000000000000100000000000001000000